00000000000000000000000000000000000000000000000000000000000000000000000000000
00000000000000000000000000000000000000000000000000000000000000000000000000000
00000000000000000000000000000000000000000000000000000000000000000000000000000
00000000000000000000000101000000000000000000000000000000000000000000000000000
00000000000000000000000100100000000000000000000000000000000000000000000000000
00000000111111000010000000110000000000000000000000000000000000000000000000000
00000001000001000010110000001000000000000000000000000000000000000000000000000
00000000000001000000010011111100000000000000000000000000000000000000000000000
00000001000010001111000100000001100000000000000000000000000000000000000000000
00000000011000000000100001011100010000000000000000000000000000000000000000000
00000000000000100101100101100010001000000000000000000000000000000000000000000
00000000000101000100000100011000001000000000000000000000000000000000000000000
00000000001000010000000101111000111000000000000000000000000000000000000000000
00001000001000010000000001000000000000000000000000000000000000000000000000000
00010000001100110000000101000000111000000000000000000000000000000000000000000
00011100000011000000000100000100000100000000000000000000000000000000000000000
00000000000000000000000011000101100010000000000000000000000000000000000000000
00000000000000000000000111000000100010000000000000000000000000000000000000000
00000000000000000000000011000101100010000000000000000000000000000000000000000
00011100000011000000000100000100000100000000000000000000000000000000000000000
00010000001100110000000101000000111000000000000000000000000000000000000000000
00001000001000010000000001000000000000000000000000000000000000000000000000000
00000000001000010000000101111000111000000000000000000000000000000000000000000
00000000000101000100000100011000001000000000000000000000000000000000000000000
00000000000000100101100101100010001000000000000000000000000000000000000000000
00000000011000000000100001011100010000000000000000000000000000000000000000000
00000001000010001111000100000001100000000000000000000000000000000000000000000
00000000000001000000010011111100000000000000000000000000000000000000000000000
00000001000001000010110000001000000000000000000000000000000000000000000000000
00000000111111000010000000110000000000000000000000000000000000000000000000000
00000000000000000000000100100000000000000000000000000000000000000000000000000
00000000000000000000000101000000000000000000000000000000000000000000000000000
00000000000000000000000000000000000000000000000000000000000000000000000000000
00000000000000000000000000000000000000000000000000000000000000000000000000000
00000000000000000000000000000000000000000000000000000000000000000000000000000
